IMPORTANT 
/ Wheelchair accessability
filters.accessibility.items[7]:
"label":"Wheelchair accessible rooms"
"value":"541"

/ Star rating (lowest, highest ascending, descending list)
sortResults.options[0].choices
"label":"Star rating"
"itemMeta":"star"
"choices":[2 items
0:{3 items
"label":"Stars (high to low)"
"value":"STAR_RATING_HIGHEST_FIRST"
"selected":false
}
1:{3 items
"label":"Stars (low to high)"
"value":"STAR_RATING_LOWEST_FIRST"
"selected":false
}

/ Distance from centre
sortResults.options[1].choices
1:{4 items
"label":"Distance"
"itemMeta":"distance"
"choices":[1 item
0:{3 items
"label":"Distance to city center"
"value":"DISTANCE_FROM_LANDMARK"
"selected":false
}

/ Price
sortResults.options[3].choices

3:{5 items
"label":"Price"
"itemMeta":"price"
"selectedChoiceLabel":"Price (low to high)"
"choices":[2 items
0:{3 items
"label":"Price (high to low)"
"value":"PRICE_HIGHEST_FIRST"
"selected":false
}
1:{3 items
"label":"Price (low to high)"
"value":"PRICE"
"selected":true
}



950540   // Auckland

258763
638787200
944779552
944735808
352222
466133
239103
324228
513289216
1829434112
747850880
1122540352
469875
469890
1165516960
316121792
403140
765753376
425861
672367
1203942432
608672768
363581
1192544000
334825
1339626368
1829433248
1180613248
1029154016
501357
131676
516323
238197
1146246592
1227384704
464800
776951712
366564
419228
262037
501210
392647
501656
146217
501676
544552
1829434592
1829417920
276407
522831872
368488
654860
652275
222669
350626
800818272
452358
1473712128
1142310624
1552509792
554878
1113929760
671205
468924
501654
339183
700340
615782720
237035
614218496
628208
111606
567119
416715
419758
337700
803900000
340985
501738
709858816
504987
357468
396241
192372
128659
875812416
1829426048




1640249   // Northland

341348
379584
600578
362842
446944
878296576
780104672
362881
1105176800
601658
499457
685222
685139
398417
379594
878300000
362881
766601184
447043
373918
467060
878300000
685139
446525
383595
373918
588426
364768
466013
398417
341348
466013
499457
383595
364768
447043
588426
600578
766601184
446944
379594
446525
1105176800
780104672
362842
878296576
601658
685222
467060
447043
766601184
499457
362881
398417
379594
467060
379584
685222
446944
341348
379584
391870
233663
629086144
501734
698601
501739
1028343456
622054
1067094112
429305
333964
501278
397961
353887
345766
375867
1076737984
365737
340948
647012608
501598
1465724512
527792
1543040448
357101




1633614   // Queenstown

618869792
343424
615382112
453588
616700000
1042951424
372347
391298
676392704
363589
169834
350285
650498528
647481600
207355
441386
620897056
500772
363588
366064
501697
367514656
500080
379515
501699
644283936
1546227808
1424903328
419920
647510720
1274790816
613111008
688732512
1043523136
1454953152
1266313984
1266907904
1416162528
1489278016
1424922720
1160929696
1195552736
1040153952
1212331232
1359276448
1359389088
1359488416
128169
1282037952
1122525760
773184544
634695648
1160921856
738847264
1416161856
390694
1195554144
1040151520
825962272
1040153568
1142612480
1427777280
1043522592
1424899808
961389376
1246135360
1147105696
633332
1106957312
1325036288
773184480
1263378080
1426768096
1286213952
1416161664



1633616 // Rotorua

592403
258799
363590
233677
376350
410477
510773
608400
503154
366024
376341
335949
478644
706299264
437761
356784
210361
502836
106778
369548
501056
353852
447055
362724
345031
501896
528518
357505
1204044608
1204044864
1204045120
669320
1225888352
224109
659411232
501100
501612
1141527648
642297632
1554493376
341344
1204044192
1204044448
1204044960
382567
430681
350541
337231
1204044672
1204044416
592403
258799
363590
233677
376350
410477
510773
608400
503154
366024
376341
335949
478644
706299264
437761
356784
210361
502836
106778
369548
501056
353852
447055
362724
345031
402702
312862
370719
1940467968
362918
391124
500020
502845
372415
341374
679011
444993
448349
446349
504912
312825
448264
475675
501691
400517
354591
312413
501489
539820
341339




950424   / Southland

402702
312862
370719
1940467968
362918
391124
500020
502845
372415
341374
341339
539820
501489
312413
354591
400517
501691
475675
448264
312825
504912
446349
448349
444993
679011
402702
312862
370719
1940467968
500020
362918
391124
502845
341374
372415
341339
539820
501489
354591
312413
400517
501691
475675
448264
312825
504912
446349
444993
448349
679011









951308 / Wellington

377502
404247
336437
622310816
425077
244775
433475
802987776
500354
389304
676390368
310123
238143
479144
363575
206656
550521
119792
419882
205202
412370
113445
344996
504805
254427
910332064
136584
226115
337431
1343253632
504660
366010
407507
114483
423991
729891712
1574936288
678145632
1225889024
469534
1106943712
1212210016
620903200
368422
453676
1225889056
386358
1184255904
277049
660506208
254427
504805
344996
113445
412370
205202
419882
119792
550521
206656
363575
479144
238143
310123
676390368
389304
500354
802987776
433475
244775
425077
622310816
336437
404247
377502







1636970 // Christchurch
// Canterbury

539127
550694
500864
766189824
358913
339661
481805
1055309952
502998
595484768
396625
425389
498519
409045
503058
500164
436373
501789
278630
422090
210820
253754
332186
463805
140190
962501792
569484
443063
765968544
208700
146223
373540
407347
312795
323195
303787
341353
501625
659792
485148
501728
577007
606422208
1092758048
334118
509220
590266
174166
1067601856
255129
665633
653634
364737
350643
616140
824349408
507239
467151
502649
613128
341362
299177
467238
606612
625026
679071808
679045600
504623
345029
471331
445934
1859810496
309552
220842
355729
321973
357515
504603
355210
419273
1324699872
1050184352
1067602752
351310
1140793312
1174853920
1009113248
237362
504317
600590
555443
216160




950155 // Nelson

445727
608428
476859
424431
655412896
581691
583221
2062172544
476744
500436
363587
343994
447635
262691
441380
539252
447722
961334144
445447
679978
376850
416189
356801
525876
215647
445727
608428
476859
424431
655412896
581691
583221
500436
363587
476744
2062172544
343994
447635
215647
525876
356801
416189
376850
679978
961334144
447722
445447
539252
262691
441380
476859
608428
424431
445727
655412896
581691
363587
583221
500436
2062172544
476744
447635
343994
215647
525876
416189
376850
356801
679978
961334144
445447
539252
441380
447722
262691
